0.002	1523.14129
0.004	1960.362652
0.006	2386.232238
0.008	2843.666571
0.01	3218.842447
0.012	3534.00453
0.014	3819.435938
0.016	4066.096595
0.018	4250.444217
0.02	4407.56093
0.022	4545.622483
0.024	4619.140592
0.026	4665.533022
0.028	4369.503294
0.03	3929.348204
0.032	3544.468308
0.034	3191.886575
0.036	2882.790326
0.038	2588.052507
0.04	2293.373163
0.042	2050.646831
0.044	1742.459631
0.046	1174.745169
0.048	522.5352544
0.05	-9.808526919
0.052	-291.5544985
0.054	-462.3382373
0.056	-517.4032002
0.058	-507.9309463
0.06	-443.3504687
0.062	-332.9545427
0.064	-119.7869161
0.066	-62.15770701
0.068	-98.99949494
0.07	-157.525606
0.072	-207.6745802
0.074	-247.1846073
0.076	-300.9946667
0.078	-361.4562142
0.08	-342.7821248
0.082	-383.4411274
0.084	-397.1181082
0.086	-425.3661199
0.088	-367.6737079
0.09	-368.7239232
0.092	-345.0089546
0.094	-340.2282205
0.096	-303.675061
0.098	-251.4300679
0.1	-171.6733417
0.102	-86.09234088
0.104	-16.31091946
0.106	57.73324796
0.108	240.9235706
0.11	398.9689844
0.112	518.388398
0.114	743.5223854
0.116	1033.947918
0.118	1314.915868
0.12	1699.2034
0.122	1988.538542
0.124	2453.873112
0.126	2827.467589
0.128	3208.140006
0.13	3489.757834
0.132	3738.836415
0.134	3927.149881
0.136	4126.49068
0.138	4278.626959
0.14	4461.595789
0.142	4586.937811
0.144	-1733.528867
0.146	-1028.923321
0.148	-528.2599794
0.15	-245.9656942
0.152	-9.405391997
0.154	132.7981292
0.156	211.3644468
0.158	258.6768713
0.16	212.2737782
0.162	234.6545778
0.164	228.1554927
0.166	219.2318732
0.168	199.1015068
0.17	187.3512334
0.172	173.441995
0.174	148.2522107
0.176	114.5960982
0.178	146.5154611
0.18	143.3463642
0.182	115.5543551
0.184	71.73120095
0.186	60.91829238
0.188	60.7412551
0.19	54.61689077
0.192	53.03854523
0.194	83.36815414
0.196	96.20938448
0.198	61.58472891
0.2	59.99709174
0.202	63.09248211
0.204	53.59216334
0.206	57.17309505
0.208	91.38356095
0.21	91.96213878
0.212	101.2719358
0.214	61.7933167
0.216	109.8870885
0.218	105.1804126
0.22	108.1628228
0.222	99.14520426
0.224	102.1753769
0.226	67.84405343
0.228	113.6924795
0.23	115.638911
0.232	110.967331
0.234	113.6838544
0.236	108.9816006
0.238	107.3962524
0.24	113.1984676
0.242	116.8362674
0.244	120.6685964
0.246	78.72216309
0.248	127.3686872
0.25	122.6469612
0.252	121.5604189
0.254	123.8808657
0.256	118.8316542
0.258	121.4243152
0.26	132.3483207
0.262	131.7652883
0.264	133.8344266
0.266	89.95725549
0.268	132.0806501
0.27	132.115144
0.272	134.1300618
0.274	128.911066
0.276	131.2755384
0.278	132.8364289
0.28	139.4956708
0.282	94.04637292
0.284	143.0681233
0.286	98.00567018
0.288	105.3361914
0.29	107.2601672
0.292	102.753708
0.294	106.0557969
0.296	108.0391445
0.298	102.7949585
0.3	103.6324786
0.302	105.5423833
0.304	107.9081251
0.306	107.6597078
0.308	110.9690893
0.31	112.2963222
0.312	116.1044383
0.314	115.8227874
0.316	117.9771468
0.318	114.3534443
0.32	116.1649124
0.322	110.3190473
0.324	111.9729757
0.326	113.6604573
0.328	121.8008405
0.33	118.7113592
0.332	118.8936562
0.334	118.1370595
0.336	121.8543223
0.338	122.4811962
0.34	123.1120686
0.342	123.1603035
0.344	124.2157695
0.346	124.6727357
0.348	130.3828136
0.35	124.0066892
0.352	124.1809632
0.354	121.102588
0.356	122.1241644
0.358	123.0289768
0.36	123.9613776
0.362	79.23451251
0.364	78.43211699
0.366	77.36043428
0.368	77.65888218
0.37	80.46085821
0.372	121.9940631
0.374	83.55699855
0.376	84.57229476
0.378	84.87507816
0.38	86.0960593
0.382	84.855068
0.384	87.55816542
0.386	84.16113991
0.388	85.25859575
0.39	79.40057659
0.392	83.06419949
0.394	82.02653126
0.396	83.20529365
0.398	84.38823842
0.4	87.01036346
0.402	86.6276347
0.404	90.46370357
0.406	89.28679422
0.408	90.60240708
0.41	93.36952351
0.412	92.94512124
0.414	92.21753425
0.416	94.09875654
0.418	95.19409843
0.42	90.68859743
0.422	89.47962424
0.424	88.60694935
0.426	87.51517671
0.428	79.87483237
0.43	79.08149422
0.432	72.94892421
0.434	72.23634329
0.436	69.67516708
0.438	68.88200498
0.44	18.90933392
0.442	17.56197826
0.444	122.0558766
0.446	123.6990129
0.448	104.1917745
0.45	103.0977259
0.452	106.2620346
0.454	106.0982953
0.456	108.1257617
0.458	108.5098223
0.46	109.6426302
0.462	62.77448303
0.464	64.02567267
0.466	64.79752217
0.468	64.38583362
0.47	65.24027515
0.472	64.90002467
0.474	65.67505819
0.476	66.97231602
0.478	67.7644088
0.48	68.68852665
0.482	69.95443608
0.484	71.03136659
0.486	71.75236248
0.488	72.72044625
0.49	73.54032221
0.492	74.4590168
0.494	131.845134
0.496	74.68014154
0.498	75.74275067
0.5	77.55488844
0.502	78.9638954
0.504	79.98604352
0.506	81.30092917
0.508	82.21907929
0.51	81.74398435
0.512	81.27896247
0.514	82.46097175
0.516	81.67342372
0.518	82.75964783
0.52	83.42473833
0.522	84.37467333
0.524	84.94220488
0.526	85.57424533
0.528	86.50447556
0.53	87.02981996
0.532	87.63364878
0.534	88.55537892
0.536	88.92535513
0.538	89.71591282
0.54	90.21551851
0.542	92.40529957
0.544	91.55165709
0.546	93.57866485
0.548	92.30062484
0.55	92.99301824
0.552	93.42033414
0.554	94.12578057
0.556	94.7381214
0.558	95.09818467
0.56	95.48810332
0.562	96.23909217
0.564	96.6345533
0.566	97.06335918
0.568	97.75304665
0.57	98.31121613
0.572	98.85215367
0.574	99.16680058
0.576	99.58038849
0.578	98.97914691
0.58	99.98378772
0.582	140.9449345
0.584	100.248715
0.586	101.3661661
0.588	102.2225032
0.59	102.9699398
0.592	103.4249031
0.594	104.0193532
0.596	104.6369182
0.598	105.2000057
0.6	105.2592334
0.602	104.9127545
0.604	104.3553004
0.606	104.8956533
0.608	105.3804771
0.61	105.7865824
0.612	105.8262434
0.614	106.4597576
0.616	106.8690835
0.618	107.2845206
0.62	107.3446075
0.622	107.9553171
0.624	108.1781676
0.626	108.6061929
0.628	108.9885268
0.63	108.9336228
0.632	109.5313859
0.634	109.9214884
0.636	110.2777527
0.638	110.2131831
0.64	110.7707339
0.642	111.1790306
0.644	111.282342
0.646	111.6225415
0.648	111.7931735
0.65	112.2888475
0.652	112.6028781
0.654	112.9766465
0.656	113.1370885
0.658	113.2892101
0.66	113.7224035
0.662	113.6754478
0.664	114.1824142
0.666	114.5450557
0.668	114.6834736
0.67	114.9241311
0.672	115.2506749
0.674	115.5908009
0.676	115.573415
0.678	116.0401944
0.68	116.3731133
0.682	116.3232197
0.684	116.7860863
0.686	117.095507
0.688	117.2130923
0.69	117.4711025
0.692	117.7912834
0.694	118.092274
0.696	117.9929669
0.698	118.6244502
0.7	118.7912635
0.702	119.1707683
0.704	119.313093
0.706	119.6085722
0.708	119.7273691
0.71	118.9873034
0.712	119.6536968
0.714	120.1563304
0.716	120.5442426
0.718	120.6287141
0.72	121.1516648
0.722	121.30664
0.724	121.6208377
0.726	121.9701445
0.728	122.101148
0.73	122.3836776
0.732	122.6994453
0.734	122.836875
0.736	122.9683257
0.738	123.319991
0.74	123.4016481
0.742	125.1456547
0.744	124.4065394
0.746	124.4330438
0.748	125.0315899
0.75	123.4288713
0.752	123.9714473
0.754	123.9637824
0.756	124.3791021
0.758	124.4904263
0.76	124.7302231
0.762	125.0254683
0.764	124.9634179
0.766	125.3556756
0.768	125.477967
0.77	125.7199077
0.772	125.9846333
0.774	125.9275103
0.776	126.2966992
0.778	126.4070933
0.78	126.6139192
0.782	126.9185782
0.784	126.8716276
0.786	127.16322
0.788	127.1077974
0.79	127.5548861
0.792	127.794272
0.794	127.7167395
0.796	128.0547301
0.798	127.9606101
0.8	128.1505859
0.802	221.2543727
0.804	247.4816955
0.806	274.5895323
0.808	292.4960733
0.81	308.3984286
0.812	196.4026892
0.814	184.3949568
0.816	161.878881
0.818	168.7210123
0.82	164.5256464
0.822	148.8656842
0.824	132.8828598
0.826	16.72605508
0.828	63.89341461
0.83	104.5593504
0.832	99.1284523
0.834	95.9379606
0.836	92.94776141
0.838	91.13480562
0.84	87.48801329
0.842	84.58105707
0.844	80.27739825
0.846	77.42834906
0.848	74.79617311
0.85	72.30878751
0.852	70.1269781
0.854	121.1880051
0.856	130.1567588
0.858	127.8515785
0.86	128.6207724
0.862	129.6844526
0.864	126.9043489
0.866	127.3561773
0.868	128.0487403
0.87	127.4745103
0.872	129.7312092
0.874	129.4210175
0.876	128.1958316
0.878	129.674631
0.88	129.0547466
0.882	89.55228569
0.884	90.47100853
0.886	92.80628423
0.888	92.90056303
0.89	92.46605013
0.892	97.14210847
0.894	100.5699538
0.896	91.63731066
0.898	95.63936223
0.9	97.41863456
0.902	102.5480794
0.904	107.7974142
0.906	110.3097948
0.908	116.4168851
0.91	115.9070323
0.912	112.7851541
0.914	119.7741731
0.916	130.8956905
0.918	132.2212164
0.92	133.1631159
0.922	134.5470728
0.924	140.7523588
0.926	149.7647802
0.928	159.167787
0.93	152.3223253
0.932	161.7246987
0.934	170.0755907
0.936	170.074632
0.938	180.8933534
0.94	191.7248039
0.942	195.0773237
0.944	203.3495323
0.946	214.9364509
0.948	218.4492858
0.95	218.5954089
0.952	230.8717793
0.954	243.2998851
0.956	243.3929915
0.958	256.4952739
0.96	269.99778
0.962	269.9993579
0.964	284
0.966	294
0.968	298
0.97	309
0.972	329
0.974	431.1891273
0.976	447.1324164
0.978	452.9447668
0.98	476.8109019
0.982	476.6298271
0.984	510.5989498
0.986	510.7569586
0.988	523.9680366
0.99	537.1910324
0.992	557.1883177
0.994	570.6858385
0.996	584.6836179
0.998	597.6848454
1	626.7263262
1.002	642.7873096
1.004	656.8854618
1.006	679.8843906
1.008	702.8838804
1.01	717.8858789
1.012	756.6943795
1.014	767.4552176
1.016	798.5860952
1.018	823.5602754
1.02	848.9687971
1.022	895.0500773
1.024	892.9334953
1.026	949.8410951
1.028	962.3349387
1.03	990.74683
1.032	1061.25988
1.034	1098.936332
1.036	1140.667089
1.038	1192.871189
1.04	1271.948216
1.042	1314.226373
1.044	1402.333677
1.046	1424.808286
1.048	1441.972076
1.05	1516.501388
1.052	1557.269324
1.054	1636.058411
1.056	1762.732737
1.058	1777.81817
1.06	1867.680253
1.062	1922.352848
1.064	2046.92513
1.066	2135.489662
1.068	2199.367422
1.07	2322.647744
1.072	2502.260371
1.074	2652.099501
1.076	2756.92201
1.078	2902.613714
1.08	3157.24011
1.082	3423.114296
1.084	3552.713104
1.086	3752.194544
1.088	4155.884949
1.09	4451.019471
1.092	4816.8409
1.094	4955.5
1.096	5032.3
1.098	5102.1
1.1	4722.472921
1.102	4391.691242
1.104	4500.558617
1.106	4593.847189
1.108	4772.878924
1.11	4782.998744
1.112	4792.48981
1.114	4462.038491
1.116	4105
1.118	3240.697927
1.12	2502
1.122	1673.191643
1.124	1054.996746
1.126	416.7532435
1.128	-31.55435028
1.13	-378.9912592
1.132	-927.5753844
1.134	-1388.528976
1.136	-1854.315399
1.138	-2139.893175
1.14	-2232.648501
1.142	-2263.753981
1.144	-2267.540059
1.146	-2216.413522
1.148	-2396.532106
1.15	-2062.173159
1.152	-1740.90361
1.154	-1381.789187
1.156	85.48456803
1.158	632.6302982
1.16	978.4965676
1.162	1295.832707
1.164	1701.6185
1.166	2105.544271
1.168	2623.685645
1.17	3220.399079
1.172	3814.942217
1.174	4399.469621
1.176	5069.934065
1.178	5728.938441
1.18	6276.108853
1.182	6801.344407
1.184	7273.332269
1.186	7643.649124
1.188	7989.086093
1.19	8292.724331
1.192	8562.568342
1.194	8892.701317
1.196	8834.861307
1.198	8044.666618
1.2	6328.084331
1.202	5712.490029
1.204	5203.592456
1.206	4706.024272
1.208	4150.531775
1.21	3860.519757
1.212	2777.28702
1.214	1954.223865
1.216	1244.450981
1.218	589.4584649
1.22	159.1638449
1.222	-271.0062773
1.224	-652.4972206
1.226	-968.5216959
1.228	-1213.318711
1.23	-1473.87361
1.232	-1960.47391
1.234	-2102.074207
1.236	-2177.747997
1.238	-2117.003602
1.24	-1999.78353
1.242	-1684.251526
1.244	-1448.984178
1.246	-1025.411817
1.248	-733.0706148
1.25	-358.6541474
1.252	-183.3311514
1.254	-17.01491119
1.256	-62.24903909
1.258	-8.178610642
1.26	-40.51769075
1.262	2.716947998
1.264	9.512639968
1.266	23.58988183
1.268	31.48534862
1.27	47.15556538
1.272	76.22039994
1.274	75.36226783
1.276	94.6281033
1.278	112.8968353
1.28	130.8458389
1.282	152.4109708
1.284	171.9915287
1.286	192.6417906
1.288	214.8503221
1.29	202.9790607
1.292	241.3675018
1.294	238.2974088
1.296	264.5295824
1.298	261.0373671
1.3	281.176274
1.302	310.4423546
1.304	326.80256
1.306	336.591286
1.308	366.5969908
1.31	374.6689181
1.312	385.8248811
1.314	408.9531306
1.316	417.9455504
1.318	422.6446921
1.32	440.2614924
1.322	447.2699649
1.324	461.9193126
1.326	467.237147
1.328	471.9161864
1.33	496.9206157
1.332	497.9929758
1.334	501.2242843
1.336	513.2317143
1.338	527.0564489
1.34	525.795828
1.342	532.4409836
1.344	543.9387119
1.346	545.058107
1.348	556.8926327
1.35	559.9327747
1.352	558.3065198
1.354	571.9083685
1.356	572.3642116
1.358	584.283054
1.36	583.9493192
1.362	550.6101648
1.364	509.7061403
1.366	489.5577762
1.368	495.6920678
1.37	501.3904033
1.372	481.6513233
1.374	488.7961827
1.376	491.4549788
1.378	495.5771613
1.38	499.2872438
1.382	504.0805472
1.384	506.3903289
1.386	511.2557674
1.388	513.8991655
1.39	516.1199142
1.392	520.2190289
1.394	477.8444498
1.396	482.1323668
1.398	438.6557531
1.4	442.5489549
1.402	444.4357941
1.404	448.4569154
1.406	449.705428
1.408	453.0810252
1.41	454.768666
1.412	457.322868
1.414	458.5972837
1.416	461.5483759
1.418	462.0467477
1.42	464.5214682
1.422	465.8977066
1.424	467.0630991
1.426	468.9968004
1.428	469.2657282
1.43	471.6486072
1.432	471.6567094
1.434	473.6556687
1.436	473.6118135
1.438	476.0246455
1.44	475.3182366
1.442	477.2508923
1.444	477.5324379
1.446	478.49368
1.448	479.4131896
1.45	479.5890932
1.452	3797.212516
1.454	3205.430385
1.456	3202.48163
1.458	3009.811374
1.46	2730.696274
1.462	2942.019286
1.464	3216.624791
1.466	3542.933798
1.468	3730.944798
1.47	3933.219615
1.472	4066.914994
1.474	4299.875261
1.476	4433.751753
1.478	4572.920151
1.48	4661.748929
1.482	4783.300032
1.484	4850.901314
1.486	4000.814383
1.488	4118.310928
1.49	4230.282185
1.492	4324.82214
1.494	4202.589077
1.496	3969.930499
1.498	2867.095495
1.5	1471.595004
1.502	-130.3268028
1.504	-880.9302114
1.506	-1114.2649
1.508	-1517.932841
1.51	-958.3727127
1.512	-697.8659873
1.514	-497.2252293
1.516	-410.4247782
1.518	-310.9493015
1.52	-154.2626159
1.522	2016.229366
1.524	108.6291828
1.526	-77.0198152
1.528	-51.10602773
1.53	-58.72137342
1.532	-17.82045267
1.534	16.30798878
1.536	62.06374673
1.538	44.54913093
1.54	95.17900413
1.542	153.5479474
1.544	174.3055274
1.546	202.5577402
1.548	183.6265812
1.55	197.2844963
1.552	114.3712621
1.554	93.76426009
1.556	106.0392269
1.558	82.52395997
1.56	92.02671461
1.562	101.1527632
1.564	109.1958452
1.566	112.719777
1.568	118.6001421
1.57	123.5099681
1.572	118.2055909
1.574	91.39327499
1.576	97.84836354
1.578	105.1934947
1.58	98.90830254
1.582	105.6056069
1.584	108.7864321
1.586	112.4593403
1.588	115.3982072
1.59	113.6410951
1.592	112.4473695
1.594	114.4314614
1.596	115.5751701
1.598	115.8427053
1.6	116.3476174
1.602	116.8157441
1.604	79.96230856
1.606	79.21792563
1.608	79.56961638
1.61	80.01680083
1.612	89.51177711
1.614	84.45104104
1.616	85.20601343
1.618	85.51674972
1.62	85.74329283
1.622	86.02550486
1.624	86.25571191
1.626	45.15838393
1.628	45.41124471
1.63	45.62119863
1.632	45.71371779
1.634	45.90049911
1.636	46.12826008
1.638	46.2389281
1.64	46.3847764
1.642	46.54552724
1.644	46.70987095
1.646	46.79133287
1.648	46.93822541
1.65	47.05865357
1.652	47.17480283
1.654	47.28567028
1.656	47.41277819
1.658	47.55350562
1.66	47.64027753
1.662	47.7650743
1.664	47.81740204
1.666	47.09315371
1.668	48.00541901
1.67	48.07589271
1.672	47.56897819
1.674	48.23192769
1.676	48.27552592
1.678	48.33814143
1.68	48.41651909
1.682	48.47064986
1.684	48.52086256
1.686	48.59407506
1.688	48.64926928
1.69	48.69272055
1.692	48.75810557
1.694	48.79882325
1.696	48.84750468
1.698	48.85623548
1.7	48.90570652
1.702	48.95725388
1.704	49.01155648
1.706	49.02503474
1.708	49.09676228
1.71	47.87882065
1.712	49.13533948
1.714	49.18862216
1.716	49.22577141
1.718	49.22642529
1.72	49.25329274
1.722	49.28041075
1.724	49.35041415
1.726	49.74495128
1.728	86.86471406
1.73	49.48376812
1.732	49.51640073
1.734	49.46343978
1.736	49.50573102
1.738	49.50361813
1.74	49.52133118
1.742	49.57034846
1.744	49.60094232
1.746	49.61952523
1.748	49.6193674
1.75	49.68902901
1.752	44.27416142
1.754	120.258726
1.756	83.84151889
1.758	84.65257157
1.76	85.34286667
1.762	85.96918305
1.764	86.42260422
1.766	86.61279546
1.768	86.45240216
1.77	87.00867901
1.772	87.29855872
1.774	49.87724429
1.776	87.22984383
1.778	49.9532106
1.78	49.98960733
1.782	49.97776834
1.784	49.98760357
1.786	87.02096663
1.788	49.83335749
1.79	49.9993341
1.792	49.99102634
1.794	49.91193913
1.796	50
1.798	87.20449646
1.8	49.99933445
1.802	50
1.804	50
1.806	49.99692501
1.808	49.99499957
1.81	49.99995164
1.812	87.15579231
1.814	87.21168197
1.816	49.97104858
1.818	49.95921871
1.82	49.97289333
1.822	49.89742633
1.824	49.99909898
1.826	50
1.828	49.99972075
1.83	49.98953213
1.832	88.39661007
1.834	87.29507431
1.836	87.22200368
1.838	49.99994747
1.84	49.99912026
1.842	124.5996726
1.844	87.1359351
1.846	124.5410178
1.848	87.2814199
1.85	87.2988791
1.852	87.29921143
1.854	87.28300929
1.856	87.26562074
1.858	87.2718039
1.86	87.29386919
1.862	87.29712942
1.864	87.24114465
1.866	87.28666625
1.868	87.29949989
1.87	124.5573396
1.872	87.29910129
1.874	87.26735675
1.876	87.29861172
1.878	124.5977033
1.88	124.5952516
1.882	124.5989031
1.884	87.2989126
1.886	125.7891666
1.888	87.29809974
1.89	87.29360932
1.892	87.29704447
1.894	125.6886864
1.896	124.5930389
1.898	87.28619436
1.9	124.5928064
1.902	124.5964621
1.904	124.5996523
1.906	124.5992304
1.908	124.599971
1.91	124.5996132
1.912	124.5976345
1.914	124.6
1.916	124.5931505
1.918	124.6
1.92	124.5930179
1.922	124.5973312
1.924	124.5982594
1.926	124.5925387
1.928	126.9559175
1.93	124.5987603
1.932	124.1479566
1.934	124.598906
1.936	124.6
1.938	125.8
1.94	124.5944377
1.942	124.6
1.944	125.7995849
1.946	125.7987902
1.948	124.6
1.95	124.5989775
1.952	124.5970766
1.954	125.7969214
1.956	124.5983779
1.958	124.5971665
1.96	124.5855742
1.962	126.982742
1.964	125.8
1.966	125.7940866
1.968	124.5973148
1.97	124.5969068
1.972	125.7948871
1.974	125.7931067
1.976	125.8
1.978	124.6
1.98	125.7988216
1.982	124.5961592
1.984	125.7960488
1.986	125.7982354
1.988	124.6
1.99	124.5994621
1.992	124.5955816
1.994	125.799613
1.996	124.5967689
1.998	124.9128714
