0.002	1269.276952
0.004	1623.2
0.006	2079.199361
0.008	2504.598626
0.01	2877.398365
0.012	3291.8
0.014	3584.6
0.016	3826.19429
0.018	4050.199714
0.02	4113.99994
0.022	4313.983436
0.024	4442.599592
0.026	4310.777833
0.028	3898.397898
0.03	3508.597531
0.032	3200.976605
0.034	2942.093929
0.036	2585.198378
0.038	2292.07475
0.04	2032.063958
0.042	1714.271846
0.044	1472.891285
0.046	1230.664397
0.048	988.7771563
0.05	800.8600493
0.052	574.5110028
0.054	462.0641883
0.056	426.4060405
0.058	272.5667555
0.06	95.12205264
0.062	17.1704811
0.064	-49.54366054
0.066	-85.49129545
0.068	-182.0212881
0.07	-201.6233211
0.072	-215.5270276
0.074	-298.6585504
0.076	-369.9717051
0.078	-450.8538161
0.08	-465.3202013
0.082	-410.8869152
0.084	-415.467864
0.086	-446.5515829
0.088	-417.4991549
0.09	-342.7351054
0.092	-306.8057841
0.094	-222.7825267
0.096	-197.7034477
0.098	-118.4403729
0.1	-145.9661079
0.102	-85.72568147
0.104	-13.49458205
0.106	110.8566258
0.108	205.7511296
0.11	399.9764557
0.112	549.7035822
0.114	768.246494
0.116	951.5137745
0.118	1207.9
0.12	1478.8
0.122	1896.8
0.124	2259
0.126	2685.3
0.128	-527.1009962
0.13	-400.758637
0.132	-307.1873834
0.134	-127.4011316
0.136	-80.2631867
0.138	-79.18288281
0.14	-41.5159462
0.142	-16.20624911
0.144	18.2553708
0.146	115.3150778
0.148	128.1355404
0.15	140.2770175
0.152	157.9587879
0.154	172.2733791
0.156	159.426155
0.158	144.9675735
0.16	137.0146371
0.162	125.2012443
0.164	118.9883868
0.166	112.6855698
0.168	96.46903923
0.17	89.67850061
0.172	90.9169344
0.174	91.14902539
0.176	84.55892234
0.178	89.55670942
0.18	80.05709179
0.182	84.81925567
0.184	76.17369655
0.186	84.66080976
0.188	92.42931748
0.19	73.15181775
0.192	81.39286447
0.194	79.45433349
0.196	78.75129234
0.198	74.16246033
0.2	73.16888257
0.202	83.27462701
0.204	83.54110833
0.206	80.39133908
0.208	80.54677897
0.21	77.97874212
0.212	77.94242282
0.214	78.88647871
0.216	80.61080714
0.218	82.25501802
0.22	83.37894229
0.222	80.44637737
0.224	90.04724331
0.226	77.5527623
0.228	80.82823394
0.23	86.11135864
0.232	86.62822705
0.234	73.25764204
0.236	86.07804395
0.238	88.81262568
0.24	90.81761506
0.242	83.33560416
0.244	86.54162491
0.246	97.38869527
0.248	91.33135569
0.25	99.14139558
0.252	89.8982347
0.254	99.25656259
0.256	106.2074349
0.258	104.1375162
0.26	115.0943118
0.262	109.7695298
0.264	120.7548869
0.266	127.2957659
0.268	124.3792429
0.27	133.0205909
0.272	128.3623458
0.274	139.0990817
0.276	140.796928
0.278	160.7824995
0.28	158.3686116
0.282	156.6615303
0.284	160.7227125
0.286	169.3033496
0.288	170.0258974
0.29	197.1178308
0.292	196.2370759
0.294	198.2256796
0.296	198.049164
0.298	211.7701484
0.3	208.6371924
0.302	242.7173331
0.304	251.4736837
0.306	242.1107435
0.308	256.659192
0.31	87.34280025
0.312	49.88508628
0.314	49.93717877
0.316	49.88401791
0.318	41.55719604
0.32	24.07315526
0.322	93.66043522
0.324	85.11832689
0.326	81.64902905
0.328	86.35796273
0.33	83.77263838
0.332	82.17934035
0.334	81.42473176
0.336	76.7884958
0.338	79.14724469
0.34	75.19961175
0.342	79.41628353
0.344	76.38045324
0.346	76.90719112
0.348	81.59304951
0.35	81.31892256
0.352	81.28797931
0.354	75.39465888
0.356	69.39891429
0.358	69.73458129
0.36	70.56029685
0.362	71.47469258
0.364	72.16583519
0.366	73.2457987
0.368	80.15127441
0.37	75.2895863
0.372	76.91596234
0.374	83.04775199
0.376	79.7816873
0.378	80.69086598
0.38	87.54276234
0.382	83.83900903
0.384	84.67586339
0.386	91.34265564
0.388	87.82050719
0.39	82.77893457
0.392	83.21994132
0.394	79.85286406
0.396	80.5352195
0.398	86.97506897
0.4	83.36974829
0.402	84.50846819
0.404	85.5848268
0.406	86.65884355
0.408	87.72282093
0.41	88.81361863
0.412	92.11412614
0.414	91.0285086
0.416	92.09315024
0.418	92.90633798
0.42	99.18710743
0.422	95.50423774
0.424	96.40752137
0.426	97.309512
0.428	98.26145082
0.43	98.80828353
0.432	99.80928477
0.434	89.67996038
0.436	90.29525849
0.438	91.61115914
0.44	92.26739707
0.442	93.26976787
0.444	94.22502058
0.446	94.79665695
0.448	96.00096759
0.45	96.53787977
0.452	97.70548183
0.454	98.30674652
0.456	99.18100483
0.458	99.99086376
0.46	100.7850458
0.462	101.755263
0.464	102.6111927
0.466	103.6133017
0.468	102.1885977
0.47	103.539483
0.472	102.0201235
0.474	103.1270349
0.476	104.1364247
0.478	105.1259497
0.48	106.0978771
0.482	107.0567966
0.484	107.837584
0.486	108.5792397
0.488	109.8327893
0.49	108.3505693
0.492	106.9785763
0.494	107.3433214
0.496	98.2712279
0.498	98.39684744
0.5	98.55422138
0.502	99.01723241
0.504	99.13588769
0.506	99.44898348
0.508	99.73263883
0.51	99.8783324
0.512	98.52701117
0.514	96.83526342
0.516	97.14229577
0.518	97.42018535
0.52	97.5654881
0.522	98.01470348
0.524	98.12547785
0.526	98.44124968
0.528	98.72827428
0.53	98.88636954
0.532	99.35072508
0.534	99.47541257
0.536	99.81203639
0.538	98.31841427
0.54	96.69809211
0.542	97.18716616
0.544	97.33236139
0.546	97.69643537
0.548	103.7566141
0.55	99.57724473
0.552	99.64203493
0.554	99.71384207
0.556	99.69853948
0.558	99.94119258
0.56	100.1613454
0.562	100.4125722
0.564	100.6801093
0.566	100.8316261
0.568	140.9408236
0.57	177.2146173
0.572	182.7171859
0.574	183.1836291
0.576	182.8989271
0.578	182.9180873
0.58	179.8398027
0.582	184.7378757
0.584	94.47606193
0.586	138.5203753
0.588	97.76464149
0.59	98.1868968
0.592	98.6801527
0.594	99.18390729
0.596	99.57434022
0.598	100.0401194
0.6	100.5214336
0.602	100.8089225
0.604	101.3809449
0.606	101.5234603
0.608	102.0386908
0.61	102.4845293
0.612	102.9156196
0.614	103.1551266
0.616	103.6701836
0.618	104.0807167
0.62	104.512477
0.622	104.839636
0.624	105.2430854
0.626	105.5010706
0.628	105.9121126
0.63	106.5379673
0.632	106.7166076
0.634	107.1838787
0.636	107.3344203
0.638	107.9866384
0.64	108.1609103
0.642	108.623265
0.644	109.0484052
0.646	109.1973191
0.648	109.6408785
0.65	108.1484703
0.652	108.4941578
0.654	108.8558125
0.656	109.1051697
0.658	109.4314056
0.66	109.7750438
0.662	109.9063142
0.664	110.4561328
0.666	110.6203267
0.668	110.5785287
0.67	111.3624747
0.672	111.4505986
0.674	123.8501578
0.676	113.4570666
0.678	113.4438403
0.68	31.75930806
0.682	32.23300569
0.684	32.36458811
0.686	32.36616704
0.688	32.83319237
0.69	32.86824775
0.692	33.16065396
0.694	33.32624788
0.696	74.70069138
0.698	116.3123144
0.7	116.5329083
0.702	116.5311692
0.704	116.9882101
0.706	117.0097151
0.708	117.2838318
0.71	117.4304223
0.712	117.4835073
0.714	117.7707299
0.716	118.021335
0.718	118.0709552
0.72	118.0600743
0.722	118.4988064
0.724	118.5027002
0.726	118.7534522
0.728	118.8785449
0.73	118.9088334
0.732	119.1164944
0.734	119.3271268
0.736	119.415614
0.738	119.7216709
0.74	119.6888414
0.742	119.7194279
0.744	120.105533
0.746	120.1128186
0.748	120.067535
0.75	120.4606645
0.752	120.4334931
0.754	120.4629344
0.756	120.8398664
0.758	120.8408811
0.76	120.6915406
0.762	121.0902315
0.764	121.0714639
0.766	121.0064286
0.768	121.3051344
0.77	121.3397414
0.772	121.2215049
0.774	121.636866
0.776	121.6719403
0.778	121.6860002
0.78	121.7904398
0.782	121.8947038
0.784	121.8359664
0.786	122.1826611
0.788	123.6743343
0.79	123.8310413
0.792	123.9471377
0.794	124.0371362
0.796	125.5231841
0.798	122.8854381
0.8	125.8004343
0.802	136.926296
0.804	131.5112938
0.806	134.9673745
0.808	49.48452617
0.81	49.52182516
0.812	49.44562096
0.814	49.33965405
0.816	49.16999429
0.818	49.10448636
0.82	48.98817171
0.822	48.85981218
0.824	48.72567048
0.826	48.5918083
0.828	48.34503002
0.83	48.04142452
0.832	47.81316012
0.834	146.9746031
0.836	155.6545835
0.838	160.2284681
0.84	160.0675489
0.842	252.5969647
0.844	262.5906259
0.846	267.8764749
0.848	275.8441107
0.85	282.9215846
0.852	289.7967423
0.854	289.8403942
0.856	299.5927497
0.858	297.7493558
0.86	306.3497
0.862	303
0.864	305.2136859
0.866	291.003132
0.868	270.2895543
0.87	257.7164643
0.872	237.8332851
0.874	220.1997794
0.876	212.0322251
0.878	206.6625009
0.88	197.8986552
0.882	195.6450753
0.884	192.0048023
0.886	182.7754367
0.888	217.9716802
0.89	245.4994599
0.892	251.8398082
0.894	250.6636159
0.896	252.376851
0.898	255.396185
0.9	254.380736
0.902	255.976299
0.904	250.7298543
0.906	237.8097497
0.908	158.9173546
0.91	146.3126865
0.912	136.1704128
0.914	119.8034465
0.916	92.38081434
0.918	62.27844647
0.92	54.1763864
0.922	50.47698978
0.924	42.18169523
0.926	39.46566247
0.928	39.60383539
0.93	79.2772481
0.932	199.483083
0.934	217.9608308
0.936	187.6375967
0.938	236.1257736
0.94	216.4003115
0.942	252.1603097
0.944	289.0755308
0.946	266.9724719
0.948	347.329437
0.95	379.7853156
0.952	405.5337373
0.954	449.7227374
0.956	499.6407977
0.958	508.1288735
0.96	599.3580296
0.962	521.830925
0.964	601.1664365
0.966	681.3667706
0.968	680.2204079
0.97	788.7406651
0.972	821.1450796
0.974	894.2543464
0.976	1007.494322
0.978	1303.358451
0.98	1552.074737
0.982	1724.261928
0.984	1921.248059
0.986	2222.367941
0.988	2382.655208
0.99	2621.93193
0.992	2829.475891
0.994	2899.804215
0.996	3048.786479
0.998	3201.651889
1	3426.500184
1.002	3584.307036
1.004	3754.524293
1.006	3916.552173
1.008	4078.512036
1.01	4238.555693
1.012	4398.447988
1.014	4481.378026
1.016	4570.335172
1.018	4657.342502
1.02	4736.888557
1.022	4909.849331
1.024	5067.617079
1.026	5207.633028
1.028	5358.810211
1.03	5468.145495
1.032	5620.241076
1.034	5871.76251
1.036	5767.426382
1.038	5906.797974
1.04	5900.238918
1.042	6177.659446
1.044	6137.354116
1.046	6237.722147
1.048	6244.944346
1.05	6482.424127
1.052	6458.479375
1.054	6469.761411
1.056	6623.854816
1.058	6705.951773
1.06	6780.06722
1.062	6865.498925
1.064	6983.792746
1.066	7246.918966
1.068	6654.974712
1.07	6258.219644
1.072	6059.894195
1.074	5970.620391
1.076	5802.431203
1.078	5780.961615
1.08	5756.74691
1.082	5647.573673
1.084	5646.279099
1.086	4556.745269
1.088	4077.941512
1.09	4327.947048
1.092	4551.309622
1.094	4818.96085
1.096	4987.305948
1.098	5215.186601
1.1	4074.139374
1.102	2614.543969
1.104	1673.203749
1.106	1304.468522
1.108	1294.610328
1.11	1419.952457
1.112	1627.169223
1.114	1880.328061
1.116	2164.869806
1.118	2390.324229
1.12	2629.659292
1.122	2862.133815
1.124	3069.083465
1.126	3310.363834
1.128	3173.219959
1.13	2980.653221
1.132	2644.649062
1.134	2324.587822
1.136	2085.952666
1.138	1820.691405
1.14	1587.779904
1.142	1351.013665
1.144	1131.372392
1.146	882.106091
1.148	938.1825294
1.15	833.4579903
1.152	698.0977411
1.154	799.8423404
1.156	774.659616
1.158	656.2208232
1.16	527.7960199
1.162	349.0892549
1.164	350.069542
1.166	276.9081489
1.168	288.9438847
1.17	343.2244642
1.172	292.7552097
1.174	294.7739319
1.176	310.7687009
1.178	248.2725334
1.18	290.3347784
1.182	304.3573901
1.184	356.9091466
1.186	331.3238336
1.188	360.7665213
1.19	286.3708121
1.192	379.0414042
1.194	390.8749118
1.196	379.5279955
1.198	447.3639269
1.2	446.1901745
1.202	423.3039516
1.204	373.8616639
1.206	378.6933607
1.208	377.1788384
1.21	402.8520961
1.212	434.5041721
1.214	435.2867804
1.216	471.1599481
1.218	459.6986313
1.22	464.0906689
1.222	497.9054848
1.224	481.7451524
1.226	481.0372392
1.228	500.1056395
1.23	496.388399
1.232	515.6398752
1.234	520.684878
1.236	540.460884
1.238	533.4130091
1.24	451.0838624
1.242	467.6685566
1.244	449.0073121
1.246	482.6187016
1.248	464.0264378
1.25	495.2368697
1.252	476.3539606
1.254	503.1518805
1.256	484.6102313
1.258	486.7447744
1.26	491.0243705
1.262	467.5873425
1.264	496.0431246
1.266	470.7297807
1.268	500.3796941
1.27	472.2536246
1.272	503.5935736
1.274	474.4233095
1.276	505.7045125
1.278	477.772201
1.28	485.2677803
1.282	479.0815393
1.284	464.5020371
1.286	480.7069504
1.288	466.6418305
1.29	482.7147267
1.292	467.9134195
1.294	484.5457226
1.296	470.4456691
1.298	485.0784822
1.3	471.5583021
1.302	487.1292364
1.304	473.3019967
1.306	488.1191603
1.308	474.457593
1.31	489.9610984
1.312	476.0973484
1.314	490.7611421
1.316	476.9952836
1.318	492.5516957
1.32	478.0171836
1.322	493.7427828
1.324	479.1549824
1.326	494.4718105
1.328	480.5297673
1.33	495.332631
1.332	480.823107
1.334	496.7165967
1.336	482.5927966
1.338	495.4861719
1.34	483.8696608
1.342	495.6377218
1.344	485.1028772
1.346	496.2119422
1.348	485.112111
1.35	499.0213315
1.352	483.4265116
1.354	500.4341294
1.356	484.9632537
1.358	499.8977516
1.36	484.7666523
1.362	501.4711723
1.364	486.1899675
1.366	500.679141
1.368	485.8861772
1.37	501.8378257
1.372	486.4634262
1.374	501.6848348
1.376	486.8537453
1.378	501.8748798
1.38	486.6212254
1.382	502.0440626
1.384	487.0651145
1.386	502.3198676
1.388	487.1434311
1.39	502.9215397
1.392	487.5341166
1.394	502.7517364
1.396	487.3259668
1.398	503.629171
1.4	488.0114979
1.402	503.4383297
1.404	487.7245006
1.406	504.0160559
1.408	488.2026693
1.41	503.8083339
1.412	487.966851
1.414	504.3825285
1.416	488.5057228
1.418	503.8802977
1.42	487.9661805
1.422	504.7585296
1.424	489.1947717
1.426	503.6489338
1.428	487.9945403
1.43	505.1376212
1.432	489.5169837
1.434	503.3018127
1.436	488.955008
1.438	504.3266232
1.44	488.4924356
1.442	505.1624101
1.444	489.2599289
1.446	504.1364268
1.448	488.7896427
1.45	505.0094895
1.452	489.100289
1.454	504.5762288
1.456	488.9885449
1.458	504.8381852
1.46	489.0051946
1.462	505.0389815
1.464	489.3602858
1.466	504.6926899
1.468	489.1808737
1.47	504.8965953
1.472	489.0447521
1.474	505.2666531
1.476	489.4135391
1.478	504.7871112
1.48	488.9608822
1.482	505.3197377
1.484	489.4924561
1.486	504.7588936
1.488	488.9644064
1.49	505.5991035
1.492	489.782258
1.494	504.6374018
1.496	488.8687375
1.498	505.7026975
