0.002	1253.321172
0.004	1601.8
0.006	2059.197801
0.008	2457.595572
0.01	2857.393592
0.012	3264.193941
0.014	3560.194512
0.016	3806.195219
0.018	3939.967716
0.02	4079.997692
0.022	4277.99579
0.024	4352.396056
0.026	4058.394949
0.028	3602.399012
0.03	3235.980145
0.032	2960.183402
0.034	2648.237168
0.036	2315.560567
0.038	2004.721088
0.04	1727.457207
0.042	1470.143286
0.044	1184.14755
0.046	1001.70725
0.048	772.8633408
0.05	563.9235524
0.052	451.8918022
0.054	417.7182059
0.056	243.1037593
0.058	81.60151443
0.06	-20.42207404
0.062	-77.99954979
0.064	-139.5163502
0.066	-156.2503254
0.068	-182.3217021
0.07	-237.2610132
0.072	-333.6911395
0.074	-385.6666829
0.076	-415.1794581
0.078	-379.9291799
0.08	-423.4428131
0.082	-343.3271723
0.084	-323.9444732
0.086	-277.6036596
0.088	-299.4702943
0.09	-222.9757437
0.092	-160.9970939
0.094	-183.3754764
0.096	-160.2035346
0.098	-76.61565544
0.1	-12.14104957
0.102	87.22874764
0.104	192.8075961
0.106	380.4981975
0.108	534.3016334
0.11	751.3370466
0.112	968.6735526
0.114	1211.1
0.116	1480.4
0.118	1884.2
0.12	-357.9799878
0.122	-253.9270824
0.124	-180.1866369
0.126	-128.7951693
0.128	-91.78055901
0.13	53.21089367
0.132	73.92456421
0.134	93.73072374
0.136	114.9998534
0.138	133.7905211
0.14	158.5913631
0.142	177.6414018
0.144	144.1112685
0.146	132.3714833
0.148	125.6480472
0.15	114.367216
0.152	104.3887205
0.154	101.2044841
0.156	95.59115989
0.158	98.70904257
0.16	89.67798458
0.162	81.67868671
0.164	81.3640069
0.166	80.62233486
0.168	78.37454718
0.17	85.37959912
0.172	83.58120171
0.174	75.73392546
0.176	76.2147579
0.178	74.34131829
0.18	66.69049245
0.182	71.0455553
0.184	75.8283037
0.186	72.68781787
0.188	70.59905114
0.19	67.60368071
0.192	78.7646169
0.194	77.12997096
0.196	79.19491613
0.198	81.1658388
0.2	82.68987531
0.202	76.77008148
0.204	43.66648559
0.206	72.45772037
0.208	74.83289837
0.21	85.60741372
0.212	89.0343258
0.214	92.67992825
0.216	96.15161409
0.218	84.91867344
0.22	88.55863854
0.222	47.43389166
0.224	92.3556453
0.226	95.38680115
0.228	53.46320985
0.23	100.9049814
0.232	90.10571124
0.234	94.0027645
0.236	96.79872827
0.238	99.07396068
0.24	100.5365641
0.242	103.3887045
0.244	103.8599764
0.246	106.404289
0.248	103.7968879
0.25	98.11883361
0.252	101.7868798
0.254	105.1726306
0.256	109.0708552
0.258	111.991286
0.26	115.3821558
0.262	117.9152639
0.264	120.2717734
0.266	73.00975631
0.268	112.4820052
0.27	115.8760183
0.272	118.3639081
0.274	118.6961887
0.276	121.7707836
0.278	124.9893572
0.28	127.9948105
0.282	130.507419
0.284	121.0751585
0.286	123.2068389
0.288	125.369172
0.29	124.3665751
0.292	126.3732949
0.294	130.0753518
0.296	132.9514164
0.298	135.5343096
0.3	97.23923868
0.302	85.35992758
0.304	47.47383481
0.306	49.78996002
0.308	51.4296739
0.31	53.6478041
0.312	54.96002555
0.314	56.27510707
0.316	57.46650012
0.318	46.75867025
0.32	47.96884283
0.322	52.52272656
0.324	56.73820263
0.326	58.72833859
0.328	54.67213195
0.33	50.86586634
0.332	66.12589373
0.334	59.95505375
0.336	62.68467545
0.338	132.1367728
0.34	138.0602166
0.342	142.7549944
0.344	147.1390476
0.346	139.1056586
0.348	144.4299512
0.35	148.1203691
0.352	142.3567917
0.354	146.127764
0.356	166.2547691
0.358	158.2962126
0.36	155.7350722
0.362	159.7528874
0.364	169.0503597
0.366	163.7513979
0.368	174.8823576
0.37	172.2236648
0.372	181.298607
0.374	181.7400358
0.376	181.0547061
0.378	180.0201993
0.38	194.9459384
0.382	189.1925037
0.384	201.7314079
0.386	198.4456899
0.388	197.4719841
0.39	198.8614317
0.392	218.3379148
0.394	223.8425783
0.396	214.7168846
0.398	227.5867014
0.4	227.1472792
0.402	233.4240654
0.404	252.5721077
0.406	241.9219218
0.408	257.3503304
0.41	256.7837826
0.412	273.2039338
0.414	275.343729
0.416	294.9558215
0.418	290.7315596
0.42	306.3941938
0.422	334.5587825
0.424	327.8061359
0.426	337.2689445
0.428	332.5560818
0.43	376.2699971
0.432	35.38564921
0.434	48.33469565
0.436	49.85523802
0.438	49.89194917
0.44	49.92506706
0.442	49.94771752
0.444	49.05210558
0.446	40.07072248
0.448	32.81854991
0.45	23.85902247
0.452	17.64369815
0.454	10.2844105
0.456	5.716720245
0.458	1.365790195
0.46	95.75148913
0.462	97.60037905
0.464	97.94971658
0.466	96.90697911
0.468	96.27349127
0.47	97.79157433
0.472	97.9408754
0.474	98.34457521
0.476	101.7749854
0.478	101.7407384
0.48	102.6866215
0.482	103.1614755
0.484	102.6564137
0.486	103.8917502
0.488	106.9453324
0.49	107.1367093
0.492	108.1061773
0.494	109.2192517
0.496	109.8013509
0.498	110.4586398
0.5	111.2116528
0.502	111.6755632
0.504	105.7476172
0.506	100.1498129
0.508	101.3558194
0.51	102.2600984
0.512	103.1148501
0.514	103.7431842
0.516	104.6829329
0.518	105.3836934
0.52	106.2932466
0.522	107.629827
0.524	108.5665482
0.526	108.8610921
0.528	118.0386018
0.53	112.1456781
0.532	115.2404011
0.534	114.2377571
0.536	115.1217101
0.538	115.9624288
0.54	116.7289684
0.542	117.4861507
0.544	118.1955618
0.546	118.9602876
0.548	116.7049192
0.55	114.4978824
0.552	114.7590981
0.554	115.3811294
0.556	115.8416563
0.558	114.5210298
0.56	116.9640785
0.562	115.4390642
0.564	117.9032451
0.566	116.4479628
0.568	117.0169338
0.57	119.1530811
0.572	117.8131165
0.574	120.6093368
0.576	116.9650244
0.578	119.1619879
0.58	117.6184797
0.582	119.933569
0.584	118.3140499
0.586	120.6370798
0.588	119.0066906
0.59	121.327841
0.592	119.7434904
0.594	120.0642337
0.596	110.7433191
0.598	111.0957733
0.6	111.7681026
0.602	112.137667
0.604	112.8014293
0.606	111.7392624
0.608	112.1900982
0.61	112.7331694
0.612	111.8232111
0.614	115.0801887
0.616	112.8833331
0.618	112.7110202
0.62	112.6554154
0.622	112.5586168
0.624	110.9768391
0.626	110.9307334
0.628	110.8786834
0.63	109.2957233
0.632	111.0297425
0.634	109.4996134
0.636	109.4493863
0.638	109.3638075
0.64	109.3720224
0.642	109.2734144
0.644	109.3313805
0.646	109.2821397
0.648	109.2891929
0.65	107.7740104
0.652	106.27589
0.654	106.36651
0.656	106.4247405
0.658	106.4367174
0.66	106.5107337
0.662	106.5532607
0.664	106.687045
0.666	106.7145601
0.668	106.8152334
0.67	106.9532111
0.672	107.03247
0.674	65.92514087
0.676	65.97724304
0.678	24.87902371
0.68	106.053953
0.682	106.2005732
0.684	106.3964419
0.686	106.5290429
0.688	106.7803054
0.69	106.9826181
0.692	107.1852627
0.694	153.8514371
0.696	110.1874054
0.698	110.3522588
0.7	110.5347236
0.702	110.8198373
0.704	111.0923593
0.706	111.2026504
0.708	111.4085741
0.71	111.6556579
0.712	111.9660725
0.714	112.2202263
0.716	113.3671938
0.718	112.7808493
0.72	113.0187148
0.722	113.490373
0.724	113.7551434
0.726	114.0797851
0.728	114.2602121
0.73	114.713036
0.732	114.9987415
0.734	115.1825829
0.736	115.6802772
0.738	115.9106894
0.74	116.3081248
0.742	116.5176381
0.744	116.6882939
0.746	117.1523845
0.748	117.3002266
0.75	117.6760179
0.752	117.8901451
0.754	118.1575017
0.756	118.3883537
0.758	118.6643465
0.76	118.7382576
0.762	119.253422
0.764	119.3917793
0.766	119.7778617
0.768	119.9345137
0.77	120.2241424
0.772	120.5381663
0.774	120.6607787
0.776	120.975857
0.778	121.5854128
0.78	122.1321568
0.782	122.3126893
0.784	122.451584
0.786	122.8376477
0.788	121.3382937
0.79	121.5987853
0.792	121.7273552
0.794	122.014083
0.796	122.2644629
0.798	122.4325858
0.8	122.5800328
0.802	84.68495183
0.804	44.70881896
0.806	46.15556811
0.808	89.03730571
0.81	91.35440924
0.812	92.30990069
0.814	92.25892431
0.816	91.540188
0.818	91.49833383
0.82	91.48815492
0.822	91.44398657
0.824	91.44518504
0.826	91.4394374
0.828	91.39943273
0.83	91.42320433
0.832	91.43074237
0.834	91.44361534
0.836	90.66139149
0.838	90.65213931
0.84	178.4817647
0.842	178.4973648
0.844	183.0012903
0.846	183.0197303
0.848	183.524745
0.85	187.9081974
0.852	187.928669
0.854	149.1125202
0.856	151.4138096
0.858	151.4190524
0.86	155.8066748
0.862	155.8075348
0.864	160.270041
0.866	164.7705603
0.868	164.7511054
0.87	170.6
0.872	170.409391
0.874	173.0934064
0.876	175.7726725
0.878	178.9939468
0.88	182.3667818
0.882	182.3445756
0.884	189.0906128
0.886	189.1023117
0.888	192.5110144
0.89	244.0980406
0.892	244.1
0.894	250.8956966
0.896	250.9
0.898	299.6849781
0.9	303.2
0.902	312.5971369
0.904	315.9732378
0.906	323.9
0.908	322.2953343
0.91	327.3937455
0.912	344.7974572
0.914	335.5739932
0.916	316.6
0.918	313.8046542
0.92	278.9048906
0.922	298.416708
0.924	294.5129731
0.926	248.5614554
0.928	216.0573183
0.93	179.9156956
0.932	155.2162415
0.934	227.3810897
0.936	277.4238254
0.938	238.9013278
0.94	266.2153621
0.942	307.4966057
0.944	331.34193
0.946	379.8278776
0.948	385.9215074
0.95	408.1529764
0.952	466.6131963
0.954	517.1768878
0.956	464.8544432
0.958	445.202167
0.96	395.5216919
0.962	338.9737709
0.964	295.1640607
0.966	232.5405249
0.968	172.2475848
0.97	133.6213528
0.972	141.0237401
0.974	111.6477511
0.976	148.9119695
0.978	176.0610332
0.98	218.9893226
0.982	391.4732689
0.984	523.7312667
0.986	639.5971718
0.988	716.0081566
0.99	841.7597429
0.992	929.2046451
0.994	1059.685501
0.996	1168.129676
0.998	1232.527692
1	1362.668926
1.002	1450.37757
1.004	1567.010721
1.006	1717.211088
1.008	1777.818119
1.01	1795.330893
1.012	1880.922641
1.014	2011.982829
1.016	2064.723532
1.018	2124.83818
1.02	2236.36166
1.022	2390.618273
1.024	2465.784528
1.026	2594.801999
1.028	2657.931283
1.03	2806.421499
1.032	2907.686653
1.034	2980.487494
1.036	3043.518602
1.038	3172.610737
1.04	3299.101998
1.042	3344.987145
1.044	3478.966292
1.046	3539.581391
1.048	3596.206641
1.05	3553.888379
1.052	3524.588955
1.054	3608.9
1.056	3574.728741
1.058	3584.258572
1.06	3648.8
1.062	3700.8
1.064	3703.5
1.066	3845.2
1.068	3836.527798
1.07	3865.398378
1.072	3942.394783
1.074	3985.902528
1.076	3997.834098
1.078	4071.613145
1.08	4085.122785
1.082	4113.238512
1.084	4208.078095
1.086	4224.645862
1.088	4302.039257
1.09	4147.223043
1.092	4135.609824
1.094	4148.572405
1.096	4227.906483
1.098	4393.909258
1.1	4886.08538
1.102	5462.390058
1.104	5768.646343
1.106	6247.609295
1.108	6816.808779
1.11	6758
1.112	6536.7
1.114	6019.03364
1.116	5593.002453
1.118	5078.700429
1.12	4828.767064
1.122	4808.641924
1.124	4876.755713
1.126	4767.956009
1.128	4323.391935
1.13	4221.225452
1.132	3795.631629
1.134	3226.9624
1.136	2974.949605
1.138	2235.160024
1.14	1703.405356
1.142	1553.004337
1.144	-508.7434477
1.146	-502.8825615
1.148	452.1046849
1.15	1360.984341
1.152	1813.247434
1.154	2228.227719
1.156	2064.990804
1.158	1818.943127
1.16	2047.32079
1.162	2110.25153
1.164	1879.718957
1.166	1897.418538
1.168	2033.606007
1.17	2197.768832
1.172	2437.527502
1.174	2855.547269
1.176	3077.664269
1.178	3346.851043
1.18	3657.826647
1.182	3908.875852
1.184	4091.455373
1.186	4282.334129
1.188	4527.171
1.19	4655.892351
1.192	4867.04374
1.194	4928.583257
1.196	5066.242722
1.198	5160.885934
1.2	5249.71999
1.202	4370.268369
1.204	4622.301074
1.206	4253.534873
1.208	4135.494008
1.21	3585.655852
1.212	3020.609296
1.214	2453.830195
1.216	1962.735217
1.218	1444.117877
1.22	1059.693523
1.222	672.739467
1.224	433.7335333
1.226	218.8984551
1.228	43.68747546
1.23	-75.06891766
1.232	-195.1317138
1.234	-224.2162273
1.236	-253.81627
1.238	-258.2721705
1.24	-255.9850956
1.242	-241.7333122
1.244	-195.9335333
1.246	-184.408583
1.248	-108.1759284
1.25	-78.56673996
1.252	5.953616178
1.254	18.38691126
1.256	99.83710921
1.258	123.1958045
1.26	176.3830291
1.262	219.066718
1.264	256.0236141
1.266	308.0757799
1.268	342.9349323
1.27	370.486985
1.272	397.2114687
1.274	444.8212635
1.276	462.8142878
1.278	494.1786266
1.28	502.9113
1.282	524.4850503
1.284	545.3771617
1.286	557.667216
1.288	562.9231375
1.29	569.7355154
1.292	539.6256593
1.294	538.117791
1.296	500.514076
1.298	500.6215732
1.3	501.2745549
1.302	500.7599637
1.304	500.4392275
1.306	501.5456263
1.308	500.7940712
1.31	500.5499443
1.312	500.7535945
1.314	500.466024
1.316	500.6569574
1.318	500.7158817
1.32	499.7889936
1.322	498.7896731
1.324	497.0494207
1.326	495.688525
1.328	494.7350789
1.33	494.4518591
1.332	494.3528806
1.334	494.869408
1.336	495.4490173
1.338	496.5751531
1.34	497.6434941
1.342	499.1831282
1.344	500.7375283
1.346	501.4340863
1.348	503.440011
1.35	503.8233103
1.352	483.9973293
1.354	484.5222907
1.356	464.0574683
1.358	464.9173635
1.36	465.78505
1.362	466.7573407
1.364	467.8906072
1.366	468.8954855
1.368	469.9991987
1.37	470.9233211
1.372	471.9077496
1.374	472.7932347
1.376	473.5781496
1.378	474.2606884
1.38	474.8409126
1.382	475.3210215
1.384	475.7046366
1.386	475.9963588
1.388	476.1547646
1.39	476.2287918
1.392	476.1816479
1.394	476.0606299
1.396	475.8295425
1.398	475.5435486
1.4	475.2101393
1.402	474.8439196
1.404	474.5000488
1.406	474.0460212
1.408	473.6703412
1.41	473.2420181
1.412	472.810744
1.414	472.373528
1.416	471.9384564
1.418	471.5557961
1.42	471.1337228
1.422	470.7176962
1.424	470.3034066
1.426	470.0430163
1.428	469.4094799
1.43	490.7333552
1.432	512.0102048
1.434	511.8695287
1.436	510.5435222
1.438	510.4683193
1.44	509.2508079
1.442	509.1202196
1.444	508.0841916
1.446	507.9507103
1.448	507.0797585
1.45	506.9075278
1.452	506.3089953
1.454	505.9583241
1.456	505.497881
1.458	505.3121422
1.46	504.6969864
1.462	504.6130823
1.464	504.209428
1.466	504.0333399
1.468	503.6465834
1.47	503.3001868
1.472	503.2736565
1.474	502.9803717
1.476	502.7308928
1.478	502.6748186
1.48	502.4663253
1.482	502.2062874
1.484	502.2190964
1.486	501.9112939
1.488	501.8171725
1.49	501.7230407
1.492	501.5548964
1.494	501.5195314
1.496	501.3841556
1.498	501.3502432
1.5	501.1748395
1.502	501.0663798
1.504	500.9821644
1.506	500.9897702
1.508	3253.740567
1.51	3334.329812
1.512	3639.742075
1.514	4280.732572
1.516	4607.792091
1.518	4397.531498
1.52	3873.976807
1.522	3644.1172
1.524	3655.481456
1.526	3717.642323
1.528	3925.601938
1.53	4026.037207
1.532	4192.0441
1.534	4362.407051
1.536	4511.260522
1.538	4587.936495
1.54	4682.040994
1.542	3855.790624
1.544	3984.380839
1.546	4099.756564
1.548	4223.344362
1.55	4323.832639
1.552	4149.797574
1.554	3186.476784
1.556	2277.897053
1.558	1383.358575
1.56	268.758984
1.562	-445.9542741
1.564	-801.7025878
1.566	-1049.744327
1.568	-1229.121799
1.57	-920.789521
1.572	-1158.967416
1.574	-1241.307968
1.576	-1208.959856
1.578	-1110.354079
1.58	-455.9087443
1.582	-511.6597974
1.584	532.6670031
1.586	1202.480473
1.588	158.7898971
1.59	173.1678715
1.592	192.7934242
1.594	259.8080842
1.596	244.9973708
1.598	332.6774642
1.6	300.596085
1.602	294.6859083
1.604	158.434176
1.606	133.4523567
1.608	145.2512435
1.61	167.6042054
1.612	176.4397185
1.614	166.4319683
1.616	149.1173575
1.618	150.5191527
1.62	153.8927687
1.622	169.2437364
1.624	171.5931494
1.626	172.7091474
1.628	178.2015496
1.63	178.1895735
1.632	127.20014
1.634	130.0344808
1.636	130.5071243
1.638	89.76769578
1.64	90.43580357
1.642	98.67583854
1.644	102.0741098
1.646	102.7628163
1.648	108.53709
1.65	109.3130737
1.652	112.4385583
1.654	117.6170117
1.656	116.5064554
1.658	120.7633717
1.66	119.3927648
1.662	117.8096616
1.664	119.3918498
1.666	122.6969243
1.668	123.8622162
1.67	119.1133982
1.672	123.6159752
1.674	121.9204726
1.676	122.0626935
1.678	122.2984514
1.68	122.5968664
1.682	122.6909366
1.684	118.7940695
1.686	122.9784065
1.688	118.9832098
1.69	119.1798333
1.692	74.05840368
1.694	115.3803327
1.696	115.4323887
1.698	115.5093161
1.7	74.47192812
1.702	74.60758366
1.704	74.66166882
1.706	74.7562529
1.708	74.88515601
1.71	74.99175871
1.712	75.22675555
1.714	75.46002962
1.716	75.73725038
1.718	75.82466587
1.72	75.97052856
1.722	75.99629411
1.724	76.11333346
1.726	76.61117382
1.728	76.69969238
1.73	76.67227407
1.732	76.79996851
1.734	77.18124039
1.736	77.19653107
1.738	77.27746098
1.74	77.47805626
1.742	77.88962326
1.744	78.04393384
1.746	78.13913791
1.748	78.17567633
1.75	79.7883899
1.752	79.93262665
1.754	80.02057152
1.756	80.20115803
1.758	80.52020582
1.76	80.61523845
1.762	80.75621999
1.764	80.81664376
1.766	81.27826707
1.768	81.32739213
1.77	81.33491716
1.772	81.42993661
1.774	123.7130807
1.776	82.03559
1.778	82.1383052
1.78	82.10593335
1.782	82.14644359
1.784	124.5114764
1.786	82.6512194
1.788	82.75621922
1.79	82.7374087
1.792	82.78521229
1.794	82.84814639
1.796	121.3023771
1.798	83.39939143
1.8	83.37969204
1.802	83.38938877
1.804	83.47905118
1.806	83.60818953
1.808	83.66313014
1.81	122.0955159
1.812	84.18210113
1.814	84.22271297
1.816	84.23161519
1.818	84.29714341
1.82	84.34262004
1.822	84.43461039
1.824	84.48964762
1.826	84.63261436
1.828	84.62956896
1.83	84.73422111
1.832	84.90235649
1.834	84.97553093
1.836	85.11256914
1.838	85.13578411
1.84	85.22715162
1.842	86.49719036
1.844	85.35218206
1.846	85.49061247
1.848	85.51865791
1.85	85.54878256
1.852	85.61505174
1.854	85.66791721
1.856	85.75605013
1.858	87.05340248
1.86	85.48452433
1.862	86.84626331
1.864	87.77023228
1.866	87.02212112
1.868	90.95350414
1.87	87.37669579
1.872	86.35637816
1.874	87.745957
1.876	87.72420243
1.878	86.57262486
1.88	87.71933007
1.882	87.80645064
1.884	87.97093846
1.886	88.06804698
1.888	88.12688277
1.89	88.12643028
1.892	88.12892254
1.894	88.10086668
1.896	88.10122238
1.898	88.2810386
1.9	88.39376189
1.902	88.3820578
1.904	88.49542857
1.906	88.5990267
1.908	88.62412535
1.91	88.7632106
1.912	88.77838062
1.914	88.84221747
1.916	88.79518613
1.918	88.9211115
1.92	88.99195644
1.922	89.01890859
1.924	89.10552365
1.926	89.15687979
1.928	89.27028023
1.93	89.18860365
1.932	89.30261536
1.934	89.3069808
1.936	89.1691169
1.938	89.37956699
1.94	89.3984995
1.942	89.37025482
1.944	89.42506121
1.946	89.52536044
1.948	89.6205958
1.95	89.5763924
1.952	89.67160392
1.954	92.9841241
1.956	89.67100559
1.958	89.57431226
1.96	89.60935217
1.962	89.6743539
1.964	89.69594518
1.966	89.64065984
1.968	89.7
1.97	89.7
1.972	89.66186951
1.974	89.69917492
1.976	89.66573686
1.978	92.71603724
1.98	89.69366312
1.982	89.64235363
1.984	89.61996786
1.986	89.62936562
1.988	89.65581777
1.99	89.69311666
1.992	89.63462596
1.994	89.6158748
1.996	89.61334314
1.998	89.55254953
